FIRST: 1.4713549613952637
SECOND: 1.2638657093048096
THIRD: 0
